 51 2072.987893 1.734E-23 0.000E+00.04510.063 2394.62790.720.000000              2              1                    P 11      475663 510 5 5 1 8E    0.0    0.0
 51 2073.264607 8.750E-20 0.000E+00.04180.057  587.72090.710.000000              1              0                    P 17      475663 510 5 5 1 1E    0.0    0.0
 51 2077.139876 1.936E-23 0.000E+00.04560.064 2352.74990.720.000000              2              1                    P 10      475663 510 5 5 1 8E    0.0    0.0
 51 2077.649758 1.133E-19 0.000E+00.04240.058  522.47510.710.000000              1              0                    P 16      475663 510 5 5 1 1E    0.0    0.0
 51 2081.258324 2.100E-23 0.000E+00.04620.065 2314.67390.710.000000              2              1                    P  9      475663 510 5 5 1 8E    0.0    0.0
 51 2082.002253 1.435E-19 0.000E+00.04300.059  461.05440.710.000000              1              0                    P 15      475663 510 5 5 1 1E    0.0    0.0
 51 2085.343090 2.210E-23 0.000E+00.04720.066 2280.40120.710.000000              2              1                    P  8      475663 510 5 5 1 8E    0.0    0.0
 51 2086.321945 1.776E-19 0.000E+00.04360.059  403.46120.720.000000              1              0                    P 14      475663 510 5 5 1 1E    0.0    0.0
 51 2089.394028 2.246E-23 0.000E+00.04860.068 2249.93340.710.000000              2              1                    P  7      475663 510 5 5 1 8E    0.0    0.0
 51 2090.608687 2.145E-19 0.000E+00.04420.060  349.69750.720.000000              1              0                    P 13      475663 510 5 5 1 1E    0.0    0.0
 51 2093.410991 2.196E-23 0.000E+00.05070.069 2223.27140.710.000000              2              1                    P  6      475663 510 5 5 1 8E    0.0    0.0
 51 2094.862333 2.529E-19 0.000E+00.04460.062  299.76560.720.000000              1              0                    P 12      475663 510 5 5 1 1E    0.0    0.0
 51 2097.393832 2.049E-23 0.000E+00.05350.071 2200.41640.710.000000              2              1                    P  5      475663 510 5 5 1 8E    0.0    0.0
 51 2099.082735 2.908E-19 0.000E+00.04510.063  253.66720.720.000000              1              0                    P 11      475663 510 5 5 1 1E    0.0    0.0
 51 2101.342404 1.802E-23 0.000E+00.05690.074 2181.36920.710.000000              2              1                    P  4      475663 510 5 5 1 8E    0.0    0.0
 51 2103.269747 3.253E-19 0.000E+00.04560.064  211.40410.720.000000              1              0                    P 10      475663 510 5 5 1 1E    0.0    0.0
 51 2105.256560 1.458E-23 0.000E+00.06090.077 2166.13050.720.000000              2              1                    P  3      475663 510 5 5 1 8E    0.0    0.0
 51 2107.423222 3.535E-19 0.000E+00.04620.065  172.97800.710.000000              1              0                    P  9      475663 510 5 5 1 1E    0.0    0.0
 51 2109.136154 1.030E-23 0.000E+00.06520.081 2154.70100.740.000000              2              1                    P  2      475663 510 5 5 1 8E    0.0    0.0
 51 2111.543014 3.725E-19 0.000E+00.04720.066  138.39040.710.000000              1              0                    P  8      475663 510 5 5 1 1E    0.0    0.0
 51 2112.981038 5.354E-24 0.000E+00.06960.087 2147.08110.770.000000              2              1                    P  1      475663 510 5 5 1 8E    0.0    0.0
 51 2115.628975 3.793E-19 0.000E+00.04860.068  107.64240.710.000000              1              0                    P  7      475663 510 5 5 1 1E    0.0    0.0
 51 2119.680959 3.713E-19 0.000E+00.05070.069   80.73540.710.000000              1              0                    P  6      475663 510 5 5 1 1E    0.0    0.0
 51 2120.566089 5.474E-24 0.000E+00.06960.087 2143.27110.770.000000              2              1                    R  0      475663 510 5 5 1 8E    0.0    0.0
 51 2123.698818 3.468E-19 0.000E+00.05350.071   57.67040.710.000000              1              0                    P  5      475663 510 5 5 1 1E    0.0    0.0
 51 2124.305963 1.077E-23 0.000E+00.06520.081 2147.08110.740.000000              2              1                    R  1      475663 510 5 5 1 8E    0.0    0.0
 51 2127.682406 3.052E-19 0.000E+00.05690.074   38.44810.710.000000              1              0                    P  4      475663 510 5 5 1 1E    0.0    0.0
 51 2128.010540 1.559E-23 0.000E+00.06090.077 2154.70100.720.000000              2              1                    R  2      475663 510 5 5 1 8E    0.0    0.0
 51 2131.631576 2.472E-19 0.000E+00.06090.077   23.06950.720.000000              1              0                    P  3      475663 510 5 5 1 1E    0.0    0.0
 51 2131.679673 1.971E-23 0.000E+00.05690.074 2166.13050.710.000000              2              1                    R  3      475663 510 5 5 1 8E    0.0    0.0
 51 2135.313215 2.292E-23 0.000E+00.05350.071 2181.36920.710.000000              2              1                    R  4      475663 510 5 5 1 8E    0.0    0.0
 51 2135.546180 1.746E-19 0.000E+00.06520.081   11.53500.740.000000              1              0                    P  2      475663 510 5 5 1 1E    0.0    0.0
 51 2138.911020 2.512E-23 0.000E+00.05070.069 2200.41640.710.000000              2              1                    R  5      475663 510 5 5 1 8E    0.0    0.0
 51 2139.426073 9.083E-20 0.000E+00.06960.087    3.84500.770.000000              1              0                    P  1      475663 510 5 5 1 1E    0.0    0.0
 51 2142.472940 2.627E-23 0.000E+00.04860.068 2223.27140.710.000000              2              1                    R  6      475663 510 5 5 1 8E    0.0    0.0
 51 2145.998829 2.643E-23 0.000E+00.04720.066 2249.93340.710.000000              2              1                    R  7      475663 510 5 5 1 8E    0.0    0.0
 51 2147.081134 9.290E-20 0.000E+00.06960.087    0.00000.770.000000              1              0                    R  0      475663 510 5 5 1 1E    0.0    0.0
 51 2149.488540 2.569E-23 0.000E+00.04620.065 2280.40120.710.000000              2              1                    R  8      475663 510 5 5 1 8E    0.0    0.0
 51 2150.856008 1.828E-19 0.000E+00.06520.081    3.84500.740.000000              1              0                    R  1      475663 510 5 5 1 1E    0.0    0.0
 51 2152.941927 2.421E-23 0.000E+00.04560.064 2314.67390.720.000000              2              1                    R  9      475663 510 5 5 1 8E    0.0    0.0
 51 2154.595583 2.646E-19 0.000E+00.06090.077   11.53500.720.000000              1              0                    R  2      475663 510 5 5 1 1E    0.0    0.0
 51 2156.358842 2.217E-23 0.000E+00.04510.063 2352.74990.720.000000              2              1                    R 10      475663 510 5 5 1 8E    0.0    0.0
 51 2158.299712 3.342E-19 0.000E+00.05690.074   23.06950.710.000000              1              0                    R  3      475663 510 5 5 1 1E    0.0    0.0
 51 2159.739140 1.977E-23 0.000E+00.04460.062 2394.62790.720.000000              2              1                    R 11      475663 510 5 5 1 8E    0.0    0.0
 51 2161.968247 3.884E-19 0.000E+00.05350.071   38.44810.710.000000              1              0                    R  4      475663 510 5 5 1 1E    0.0    0.0
 51 2163.082673 1.718E-23 0.000E+00.04420.060 2440.30620.720.000000              2              1                    R 12      475663 510 5 5 1 8E    0.0    0.0
 51 2165.601042 4.253E-19 0.000E+00.05070.069   57.67040.710.000000              1              0                    R  5      475663 510 5 5 1 1E    0.0    0.0
 51 2166.389295 1.457E-23 0.000E+00.04360.059 2489.78310.720.000000              2              1                    R 13      475663 510 5 5 1 8E    0.0    0.0
 51 2169.197950 4.444E-19 0.000E+00.04860.068   80.73540.710.000000              1              0                    R  6      475663 510 5 5 1 1E    0.0    0.0
 51 2169.658860 1.207E-23 0.000E+00.04300.059 2543.05670.710.000000              2              1                    R 14      475663 510 5 5 1 8E    0.0    0.0
 51 2172.758825 4.465E-19 0.000E+00.04720.066  107.64240.710.000000              1              0                    R  7      475663 510 5 5 1 1E    0.0    0.0
 51 2172.891222 9.778E-24 0.000E+00.04240.058 2600.12490.710.000000              2              1                    R 15      475663 510 5 5 1 8E    0.0    0.0
 51 2176.086233 7.743E-24 0.000E+00.04180.057 2660.98550.710.000000              2              1                    R 16      475663 510 5 5 1 8E    0.0    0.0
 51 2176.283519 4.335E-19 0.000E+00.04620.065  138.39040.710.000000              1              0                    R  8      475663 510 5 5 1 1E    0.0    0.0
 51 2179.243748 5.999E-24 0.000E+00.04110.056 2725.63610.700.000000              2              1                    R 17      475663 510 5 5 1 8E    0.0    0.0
 51 2179.771887 4.079E-19 0.000E+00.04560.064  172.97800.720.000000              1              0                    R  9      475663 510 5 5 1 1E    0.0    0.0
 51 2182.363620 4.548E-24 0.000E+00.04040.055 2794.07430.690.000000              2              1                    R 18      475663 510 5 5 1 8E    0.0    0.0
 51 2183.223781 3.729E-19 0.000E+00.04510.063  211.40410.720.000000              1              0                    R 10      475663 510 5 5 1 1E    0.0    0.0
 51 2185.445703 3.376E-24 0.000E+00.03970.054 2866.29750.690.000000              2              1                    R 19      475663 510 5 5 1 8E    0.0    0.0
 51 2186.639055 3.319E-19 0.000E+00.04460.062  253.66720.720.000000              1              0                    R 11      475663 510 5 5 1 1E    0.0    0.0
 51 2188.489851 2.454E-24 0.000E+00.03900.053 2942.30280.680.000000              2              1                    R 20      475623 510 5 5 1 8E    0.0    0.0
 51 2190.017563 2.879E-19 0.000E+00.04420.060  299.76560.720.000000              1              0                    R 12      475663 510 5 5 1 1E    0.0    0.0
 51 2191.495919 1.747E-24 0.000E+00.03830.053 3022.08730.670.000000              2              1                    R 21      475623 510 5 5 1 8E    0.0    0.0
 51 2193.359157 2.437E-19 0.000E+00.04360.059  349.69750.720.000000              1              0                    R 13      475663 510 5 5 1 1E    0.0    0.0
 51 2194.463759 1.219E-24 0.000E+00.03770.052 3105.64790.660.000000              2              1                    R 22      475623 510 5 5 1 8E    0.0    0.0
 51 2196.663693 2.015E-19 0.000E+00.04300.059  403.46120.710.000000              1              0                    R 14      475663 510 5 5 1 1E    0.0    0.0
 51 2197.393227 8.338E-25 0.000E+00.03700.051 3192.98150.660.000000              2              1                    R 23      475623 510 5 5 1 8E    0.0    0.0
 51 2199.931023 1.627E-19 0.000E+00.04240.058  461.05440.710.000000              1              0                    R 15      475663 510 5 5 1 1E    0.0    0.0
 51 2200.284176 5.587E-25 0.000E+00.03630.051 3284.08460.650.000000              2              1                    R 24      475623 510 5 5 1 8E    0.0    0.0
 51 2203.136460 3.670E-25 0.000E+00.03570.050 3378.95370.640.000000              2              1                    R 25      475623 510 5 5 1 8E    0.0    0.0
 51 2203.161001 1.285E-19 0.000E+00.04180.057  522.47510.710.000000              1              0                    R 16      475663 510 5 5 1 1E    0.0    0.0
 51 2205.949934 2.364E-25 0.000E+00.03500.049 3477.58510.630.000000              2              1                    R 26      475623 510 5 5 1 8E    0.0    0.0
 51 2206.353482 9.927E-20 0.000E+00.04110.056  587.72090.700.000000              1              0                    R 17      475663 510 5 5 1 1E    0.0    0.0
 51 2208.724452 1.493E-25 0.000E+00.03440.049 3579.97510.620.000000              2              1                    R 27      475623 510 5 5 1 8E    0.0    0.0
 51 2209.508319 7.504E-20 0.000E+00.04040.055  656.78920.690.000000              1              0                    R 18      475663 510 5 5 1 1E    0.0    0.0
 51 2211.459869 9.246E-26 0.000E+00.03380.048 3686.11980.610.000000              2              1                    R 28      475623 510 5 5 1 8E    0.0    0.0
 51 2212.625365 5.553E-20 0.000E+00.03970.054  729.67740.690.000000              1              0                    R 19      475663 510 5 5 1 1E    0.0    0.0
 51 2214.156039 5.616E-26 0.000E+00.03330.047 3796.01490.600.000000              2              1                    R 29      475623 510 5 5 1 8E    0.0    0.0
 51 2215.704476 4.023E-20 0.000E+00.03900.053  806.38280.680.000000              1              0                    R 20      475623 510 5 5 1 1E    0.0    0.0
 51 2216.812816 3.346E-26 0.000E+00.03270.047 3909.65620.590.000000              2              1                    R 30      475623 510 5 5 1 8E    0.0    0.0
 51 2218.745505 2.855E-20 0.000E+00.03830.053  886.90240.670.000000              1              0                    R 21      475623 510 5 5 1 1E    0.0    0.0
 51 2219.430056 1.955E-26 0.000E+00.03210.046 4027.03950.580.000000              2              1                    R 31      475623 510 5 5 1 8E    0.0    0.0
 51 2221.748306 1.985E-20 0.000E+00.03770.052  971.23320.660.000000              1              0                    R 22      475623 510 5 5 1 1E    0.0    0.0
 51 2222.007612 1.121E-26 0.000E+00.03160.046 4148.16010.570.000000              2              1                    R 32      475623 510 5 5 1 8E    0.0    0.0
 51 2224.545341 6.306E-27 0.000E+00.03110.045 4273.01330.560.000000              2              1                    R 33      475623 510 5 5 1 8E    0.0    0.0
 51 2224.712734 1.351E-20 0.000E+00.03700.051 1059.37180.660.000000              1              0                    R 23      475623 510 5 5 1 1E    0.0    0.0
 51 2227.043097 3.480E-27 0.000E+00.03060.045 4401.59430.550.000000              2              1                    R 34      475623 510 5 5 1 8E    0.0    0.0
 51 2227.638643 9.022E-21 0.000E+00.03630.051 1151.31500.650.000000              1              0                    R 24      475623 510 5 5 1 8E    0.0    0.0
 51 2229.500734 1.885E-27 0.000E+00.03010.044 4533.89830.540.000000              2              1                    R 35      475623 510 5 5 1 8E    0.0    0.0
 51 2230.525888 5.902E-21 0.000E+00.03570.050 1247.05920.640.000000              1              0                    R 25      475623 510 5 5 1 8E    0.0    0.0
 51 2231.918108 1.002E-27 0.000E+00.02960.044 4669.92000.530.000000              2              1                    R 36      475623 510 5 5 1 8E    0.0    0.0
 51 2233.374323 3.785E-21 0.000E+00.03500.049 1346.60080.630.000000              1              0                    R 26      475623 510 5 5 1 8E    0.0    0.0
 51 2234.295073 5.224E-28 0.000E+00.02920.043 4809.65410.520.000000              2              1                    R 37      475623 510 5 5 1 8E    0.0    0.0
 51 2236.183803 2.379E-21 0.000E+00.03440.049 1449.93590.620.000000              1              0                    R 27      475623 510 5 5 1 8E    0.0    0.0
 51 2236.631486 2.674E-28 0.000E+00.02870.043 4953.09540.510.000000              2              1                    R 38      475623 510 5 5 1 8E    0.0    0.0
 51 2238.927200 1.344E-28 0.000E+00.02830.042 5100.23820.500.000000              2              1                    R 39      475623 510 5 5 1 8E    0.0    0.0
 51 2238.954182 1.467E-21 0.000E+00.03380.048 1557.06070.610.000000              1              0                    R 28      475623 510 5 5 1 8E    0.0    0.0
 51 2241.182072 6.626E-29 0.000E+00.02780.042 5251.07690.490.000000              2              1                    R 40      475623 510 5 5 1 8E    0.0    0.0
 51 2241.685315 8.865E-22 0.000E+00.03330.047 1667.97090.600.000000              1              0                    R 29      475623 510 5 5 1 8E    0.0    0.0
 51 2243.395957 3.208E-29 0.000E+00.02740.041 5405.60560.480.000000              2              1                    R 41      475623 510 5 5 1 8E    0.0    0.0
 51 2244.377056 5.255E-22 0.000E+00.03270.047 1782.66240.590.000000              1              0                    R 30      475623 510 5 5 1 8E    0.0    0.0
 51 2245.568710 1.524E-29 0.000E+00.02700.041 5563.81840.470.000000              2              1                    R 42      475623 510 5 5 1 8E    0.0    0.0
 51 2247.029262 3.055E-22 0.000E+00.03210.046 1901.13080.580.000000              1              0                    R 31      475623 510 5 5 1 8E    0.0    0.0
 51 2247.700187 7.112E-30 0.000E+00.02660.040 5725.70900.470.000000              2              1                    R 43      475623 510 5 5 1 8E    0.0    0.0
 51 2249.641788 1.742E-22 0.000E+00.03160.046 2023.37150.570.000000              1              0                    R 32      475623 510 5 5 1 8E    0.0    0.0
 51 2249.790242 3.258E-30 0.000E+00.02630.040 5891.27140.460.000000              2              1                    R 44      475623 510 5 5 1 8E    0.0    0.0
